9.777405128569293683e-13
9.777540795315773949e-13
9.778049123597934337e-13
9.778881535267842322e-13
9.779311712715628818e-13
9.779122215335042503e-13
9.778456944577550552e-13
9.777697885333580676e-13
9.777253955178039991e-13
9.777346910697512427e-13
9.777876614984384461e-13
9.778410771784722479e-13
9.778320505097111336e-13
9.777315003981250708e-13
9.777699433337001024e-13
9.777169734755162979e-13
9.776064643002363126e-13
9.775037600410359683e-13
9.774550299658706772e-13
9.774711881441064720e-13
9.775241523358056106e-13
9.775563844800755251e-13
9.775025563726582898e-13
9.774625071304810434e-13
9.774784908152283453e-13
9.774029778042211942e-13
9.772993281729736500e-13
9.772250969475246799e-13
9.772106285281012001e-13
9.772489402973322675e-13
9.772983187282325127e-13
9.772971181835753919e-13
9.772108564884084803e-13
9.772438927766426894e-13
9.772207883425664551e-13
9.771349007162381420e-13
9.770471384360626283e-13
9.770026555876031113e-13
9.770148201739424005e-13
9.770609892355572452e-13
9.770904529240298350e-13
9.770449771032606821e-13
9.769970885126670924e-13
9.770316473930179908e-13
9.769806145316421126e-13
9.768943046575928584e-13
9.768264832290457484e-13
9.768079268358831112e-13
9.768359716537157596e-13
9.768755053981667441e-13
9.768718901913819038e-13
9.768002982240854416e-13
9.768147916892627675e-13
9.768149441519750237e-13
9.767490640387085288e-13
9.766719219980709004e-13
9.766269646847394103e-13
9.766301334447556583e-13
9.766645325551861864e-13
9.766865920329008858e-13
9.766460774841764965e-13
9.765846852670943411e-13
9.766245277784220483e-13
9.765912811208216053e-13
9.765157253809198216e-13
9.764483702288210307e-13
9.764209241629264632e-13
9.764351877343405868e-13
9.764626215813206512e-13
9.764546179805251155e-13
9.763892266283827856e-13
9.763773763265705359e-13
9.763918924870690068e-13
9.763370597587811856e-13
9.762625225714098039e-13
9.762111673747657892e-13
9.762018215019713938e-13
9.762229023061045364e-13
9.762365162148423771e-13
9.761926045298455979e-13
9.761279822711524949e-13
9.761603346685370804e-13
9.761406910957819026e-13
9.760730335327889087e-13
9.760058736511198871e-13
9.759720743881302163e-13
9.759771170637565767e-13
9.759971427189295128e-13
9.759876259489971008e-13
9.759090842693721107e-13
9.758909398237847329e-13
9.759194252625054614e-13
9.758739716616574090e-13
9.758028449894705408e-13
9.757486417337882343e-13
9.757323054878466100e-13
9.757459120996815609e-13
9.757554281285069960e-13
9.757132274003203486e-13
9.756324202056108242e-13
9.756643219049068156e-13
9.756546984321660622e-13
9.755930991343781661e-13
9.755263712648917045e-13
9.754880851210940129e-13
9.754862648352007230e-13
9.755006471822795265e-13
9.754898118838958559e-13
9.754071089048217634e-13
9.753741637040067116e-13
9.754120703317728584e-13
9.753744072267030322e-13
9.753068567083303710e-13
9.752513570677377934e-13
9.752302035554969124e-13
9.752382455336732116e-13
9.752446967013833296e-13
9.752043576524718192e-13
9.750969856102005068e-13
9.751470946376147577e-13
9.751510868832693639e-13
9.751006417926961168e-13
9.750409840658538842e-13
9.750055200913762970e-13
9.750038047889338412e-13
9.750183340941913341e-13
9.750107402570427863e-13
9.749365478572610333e-13
9.748920678257610534e-13
9.749491833159162275e-13
9.749310271189662729e-13
9.748799302011125092e-13
9.748362740357149932e-13
9.748225935323216089e-13
9.748360256640033250e-13
9.748490912408545567e-13
9.748199216774667410e-13
9.747223937109567916e-13
9.747772955423298070e-13
9.748049208858201845e-13
9.747765726448989132e-13
9.747341408461592322e-13
9.747100700639116110e-13
9.747153269685313668e-13
9.747355008107421872e-13
9.747361122537822208e-13
9.746761371058692739e-13
9.746292545835905671e-13
9.747063546848259607e-13
9.747120297998558095e-13
9.746808806867800181e-13
9.746507465299699803e-13
9.746442045867501980e-13
9.746606447042869071e-13
9.746764991991537021e-13
9.746540527380609333e-13
9.745736056558104964e-13
9.746150164470392000e-13
9.746626653896237301e-13
9.746524712627926479e-13
9.746224933171865967e-13
9.746037740873635779e-13
9.746086088602449890e-13
9.746261430779759870e-13
9.746265166047117947e-13
9.745734053475715019e-13
9.745212182710649177e-13
9.746011063490703675e-13
9.746247723727595376e-13
9.746077280987636984e-13
9.745850440183560476e-13
9.745794362437838175e-13
9.745929352443326621e-13
9.746061846313447489e-13
9.745857389479925400e-13
9.745198955919695754e-13
9.745325730895199088e-13
9.745934402540232856e-13
9.745957474455393212e-13
9.745730056596293980e-13
9.745552153110667865e-13
9.745563101300054988e-13
9.745688652291001788e-13
9.745671295876342640e-13
9.745172548742704071e-13
9.744618256162438142e-13
9.745294102929883739e-13
9.745641975261084123e-13
9.745544708880989891e-13
9.745335769359052857e-13
9.745248317486036459e-13
9.745327809680712388e-13
9.745416460642848932e-13
9.745211475334338766e-13
9.744517539382797526e-13
9.744472268441070533e-13
9.745206805939134587e-13
9.745344559119442853e-13
9.745188284036205237e-13
9.745034166854005011e-13
9.745035688836007538e-13
9.745147776554656335e-13
9.745142560673175736e-13
9.744696208208395639e-13
9.744080583944976195e-13
9.744671003299143320e-13
9.745139348692301206e-13
9.745133063680900741e-13
9.744972967413393385e-13
9.744898195970924383e-13
9.744974348970361594e-13
9.745070576628254674e-13
9.744907175011729879e-13
9.744166622656765487e-13
9.744024775305742842e-13
9.744895600068921444e-13
9.745134390601965471e-13
9.745047649318076643e-13
9.744928620614709426e-13
9.744941676264968812e-13
9.745061877127553318e-13
9.745083933511233873e-13
9.744699184737256542e-13
9.743870665759360749e-13
9.744595756905694189e-13
9.745176147214175736e-13
9.745261433705739938e-13
9.745164886686716711e-13
9.745126996173841324e-13
9.745226396751106789e-13
9.745351527487628100e-13
9.745241389167097077e-13
9.744586800771264690e-13
9.744291605887055312e-13
9.745323932031791467e-13
9.745724476606431153e-13
9.745778774711041941e-13
9.745772062416640512e-13
9.745873314160089134e-13
9.746072730085374987e-13
9.746185398397951754e-13
9.745920712987009598e-13
9.745084503756920334e-13
9.745908206875141339e-13
9.746706806991400358e-13
9.747002377043174611e-13
9.747091479496384844e-13
9.747213043729848746e-13
9.747368469240076665e-13
9.747625693453089694e-13
9.747584215296110749e-13
9.747114848030774199e-13
9.746727872031024615e-13
9.747976569371099214e-13
9.748535756890239565e-13
9.748805100534500379e-13
9.748901701152706842e-13
9.749144357079237748e-13
9.749392788379620062e-13
9.749590505289601657e-13
9.749408676036496281e-13
9.748704434780590410e-13
9.749339386949518761e-13
9.750280905912775921e-13
9.750693524721894387e-13
9.750794013093081420e-13
9.750965496215585920e-13
9.751031605454024676e-13
9.751256671162462248e-13
9.751199121887237556e-13
9.750567633014370762e-13
9.750195287618600555e-13
9.751216961249405088e-13
9.751846043228290393e-13
9.752168969288797144e-13
9.752192779872641750e-13
9.752288585296387043e-13
9.752451781518470726e-13
9.752397991269707192e-13
9.752200263322989514e-13
9.751464779488634668e-13
9.751718539836449124e-13
9.752778120968855745e-13
9.753183472661854279e-13
9.753261574239121149e-13
9.753357422948995656e-13
9.753445036358630270e-13
9.753520197031829120e-13
9.753389953341251768e-13
9.752853992175397961e-13
9.752276409459289391e-13
9.753112543013269935e-13
9.753749659052200057e-13
9.753973188027547068e-13
9.753993615622474927e-13
9.754001190442233898e-13
9.753987550769344533e-13
9.753903432464535431e-13
9.753516224082103026e-13
9.752674157179339902e-13
9.752613272999259977e-13
9.753519434120567242e-13
9.753895475571921564e-13
9.753975712323319344e-13
9.753927209486491996e-13
9.753859125177781330e-13
9.753772522357426325e-13
9.753486776568531574e-13
9.752793223035439513e-13
9.752055836127601512e-13
9.752591050933473673e-13
9.753187198112383904e-13
9.753353014653487135e-13
9.753280332637775825e-13
9.753144695959530949e-13
9.753000163455981112e-13
9.752755816941799686e-13
9.752236087636567012e-13
9.751218481157320891e-13
9.750882054983680917e-13
9.751725050080971672e-13
9.752043898161841045e-13
9.752025878192394158e-13
9.751874441104172406e-13
9.751682850296129785e-13
9.751455514572256633e-13
9.751050261752631297e-13
9.750274546430838053e-13
9.749246785705886497e-13
9.749654185815653635e-13
9.750241180372960286e-13
9.750368145768514284e-13
9.750257802316525403e-13
9.750050404742521568e-13
9.749823970928215575e-13
9.749528160861185679e-13
9.748944491398392391e-13
9.747904433608827926e-13
9.747269867268966285e-13
9.748143928654346162e-13
9.748496434128803073e-13
9.748490448349928616e-13
9.748330339822976521e-13
9.748117356830343290e-13
9.747870442297548996e-13
9.747447497349100810e-13
9.746685486862343271e-13
9.745462824534126842e-13
9.745903835944776550e-13
9.746569642320062140e-13
9.746782488295208969e-13
9.746723439184654149e-13
9.746573637757763513e-13
9.746384928507558345e-13
9.746108941880391229e-13
9.745590864321038897e-13
9.744616742686524089e-13
9.743824415958535945e-13
9.744821741271672846e-13
9.745322302153254567e-13
9.745446081736228921e-13
9.745384523040707213e-13
9.745269488570992746e-13
9.745094113213450933e-13
9.744764766334901502e-13
9.744098745844172846e-13
9.742977897908326147e-13
9.743330814767996670e-13
9.744150492570877784e-13
9.744510246190291440e-13
9.744592923750499916e-13
9.744541009240496993e-13
9.744442208510266872e-13
9.744245119193894697e-13
9.743802841230946216e-13
9.742956896920552129e-13
9.742139573503263215e-13
9.743173146329374091e-13
9.743813817529319959e-13
9.744071888656587095e-13
9.744126927428034242e-13
9.744074449058282180e-13
9.743960620522488278e-13
9.743684488249924956e-13
9.743085033365251477e-13
9.742088184765375131e-13
9.742258130923400642e-13
9.743188660698958249e-13
9.743655759020912354e-13
9.743820846326813272e-13
9.743828416823024793e-13
9.743755023699451176e-13
9.743571214623398224e-13
9.743160776150600053e-13
9.742361568515581131e-13
9.741555396692734924e-13
9.742431709922932835e-13
9.743166398547803570e-13
9.743508767500361776e-13
9.743605539940868390e-13
9.743590740324393770e-13
9.743480117316029767e-13
9.743212060275093392e-13
9.742637482849927384e-13
9.741714088021941712e-13
9.741599092508932311e-13
9.742561803660122616e-13
9.743085034580259840e-13
9.743288537714535573e-13
9.743313494250867765e-13
9.743227646019499589e-13
9.743027748518472115e-13
9.742606124905773716e-13
9.741814224654150134e-13
9.741012321204861866e-13
9.741623059227279693e-13
9.742386394520365047e-13
9.742754933679524052e-13
9.742865633426944055e-13
9.742834305199682024e-13
9.742691477767793992e-13
9.742391376849877598e-13
9.741807546023620684e-13
9.740811703301155993e-13
9.740514435301596875e-13
9.741498405311913905e-13
9.742073008698373659e-13
9.742307123344051331e-13
9.742334430380660321e-13
9.742241461871879445e-13
9.742025959297137213e-13
9.741605441744210732e-13
9.740825352265579790e-13
9.739902639322160988e-13
9.740356563306677543e-13
9.741176185543182001e-13
9.741577597960385468e-13
9.741704673356699340e-13
9.741670993024902682e-13
9.741511468816230993e-13
9.741211807282467093e-13
9.740631147363421295e-13
9.739634990035327381e-13
9.739080719976043175e-13
9.740095687944481950e-13
9.740703125640462029e-13
9.740957575930953752e-13
9.740986894512349626e-13
9.740896513540431077e-13
9.740680555104659964e-13
9.740255997113601369e-13
9.739487267596724405e-13
9.738349003207561481e-13
9.738824463615461990e-13
9.739689373753640477e-13
9.740122913113183946e-13
9.740260757772922883e-13
9.740235228952085774e-13
9.740088828880994997e-13
9.739793280604510051e-13
9.739222614535810303e-13
9.738250492886091955e-13
9.737488322299344747e-13
9.738602925554926510e-13
9.739295500414357850e-13
9.739615821137380435e-13
9.739722457019495698e-13
9.739700170572766076e-13
9.739551544057578626e-13
9.739193044420737418e-13
9.738505227815547455e-13
9.737410637343373038e-13
9.737831865061775715e-13
9.738836250323704680e-13
9.739420935316955910e-13
9.739707078192643559e-13
9.739821950292769337e-13
9.739803439993338172e-13
9.739624396825057625e-13
9.739188244888868791e-13
9.738371914409713786e-13
9.737570307911794998e-13
9.738797980061954079e-13
9.739649735183152179e-13
9.740153765613727549e-13
9.740421323072565541e-13
9.740525209999905527e-13
9.740491150160666997e-13
9.740249847250947767e-13
9.739716158908644141e-13
9.738791932652853133e-13
9.739110290742833812e-13
9.740275385211520760e-13
9.741030816650689935e-13
9.741482233575105427e-13
9.741733821202891333e-13
9.741838215046796408e-13
9.741771047289577731e-13
9.741470936395408765e-13
9.740795622799879056e-13
9.740092789916945357e-13
9.741231774055944077e-13
9.742257437662406357e-13
9.742906753170453107e-13
9.743293947567858410e-13
9.743490962935984229e-13
9.743533569983255232e-13
9.743391012041148137e-13
9.742935351292554349e-13
9.742127348363709011e-13
9.742260354498777999e-13
9.743517196395301246e-13
9.744377431636864110e-13
9.744913738946730471e-13
9.745216862639824781e-13
9.745376944594041964e-13
9.745348297736609781e-13
9.745084337382862655e-13
9.744447293227163689e-13
9.743820488467174726e-13
9.744716020644151137e-13
9.745789990680886502e-13
9.746479301898669793e-13
9.746874519608345724e-13
9.747097677526860075e-13
9.747156115519827619e-13
9.747007966882151379e-13
9.746545605087053522e-13
9.745753909974481058e-13
9.745633588973834303e-13
9.746888335595243097e-13
9.747763699046685423e-13
9.748324650010775224e-13
9.748649449151880724e-13
9.748796893842532193e-13
9.748744914557921893e-13
9.748471591753799796e-13
9.747854912388211789e-13
9.747170473653065850e-13
9.747824040803953103e-13
9.748949380313596631e-13
9.749674475044449401e-13
9.750105464073730652e-13
9.750334294509139726e-13
9.750405817929895316e-13
9.750257421897799492e-13
9.749829466181369295e-13
9.749004824663635282e-13
9.748693386332872057e-13
9.749959996384815804e-13
9.750870159185126327e-13
9.751454425020978141e-13
9.751783130193081952e-13
9.751944939913478937e-13
9.751904583035167335e-13
9.751631315463954611e-13
9.751028166062212567e-13
9.750161081779986640e-13
9.750786794900651714e-13
9.751940184555971155e-13
9.752686260928949737e-13
9.753138606748441734e-13
9.753389321106405845e-13
9.753458885520290714e-13
9.753309394851429782e-13
9.752890127541651906e-13
9.752101312053495304e-13
9.751582061834855016e-13
9.752822940334060645e-13
9.753779562321221769e-13
9.754404098173973010e-13
9.754757448416386618e-13
9.754898619081210080e-13
9.754881215786249254e-13
9.754635874097101025e-13
9.754054270133093103e-13
9.753071732645437691e-13
9.753608641224272159e-13
9.754840249397441541e-13
9.755647659534526607e-13
9.756163532216975873e-13
9.756456719465541658e-13
9.756576139416600305e-13
9.756483066943511050e-13
9.756099726874997762e-13
9.755387891414948993e-13
9.754672244198875898e-13
9.756052260510311052e-13
9.757114686905752007e-13
9.757825126624306707e-13
9.758266644071371847e-13
9.758527791041902116e-13
9.758591389577054472e-13
9.758405607181311166e-13
9.757934496071126326e-13
9.757083465818364114e-13
9.757491031541701776e-13
9.758809676648131834e-13
9.759753476589148733e-13
9.760390919235165764e-13
9.760783897523494923e-13
9.760967643139464989e-13
9.760974827715149393e-13
9.760714081929205403e-13
9.760092332264587709e-13
9.759403913568758178e-13
9.760726879370226170e-13
9.761919420845126451e-13
9.762756277157418470e-13
9.763305563891239222e-13
9.763650024289863341e-13
9.763803611434087836e-13
9.763712361955607272e-13
9.763320517560429602e-13
9.762577762449965377e-13
9.762823826415471204e-13
9.764238973646684270e-13
9.765270091526403515e-13
9.765985860722465711e-13
9.766468443157122532e-13
9.766727925667382425e-13
9.766777226860156859e-13
9.766568683984514814e-13
9.766021880955665568e-13
9.765428456841350975e-13
9.766537992721663398e-13
9.767800340612282639e-13
9.768720409203425792e-13
9.769325981601453853e-13
9.769736885043850094e-13
9.769909384656968086e-13
9.769893345673873265e-13
9.769539410299008155e-13
9.768884239509596822e-13
9.768886950472126103e-13
9.770317233921358918e-13
9.771397209384606534e-13
9.772165750532507538e-13
9.772670405866549917e-13
9.772945665295554011e-13
9.773028512512693223e-13
9.772845675523836995e-13
9.772338562988002955e-13
9.771758834453827111e-13
9.772598389115499144e-13
9.773909077915107034e-13
9.774841467021970646e-13
9.775469850053584645e-13
9.775890996943369355e-13
9.776103766848971608e-13
9.776056615728024591e-13
9.775752937153140209e-13
9.775065475794534122e-13
9.774912571603924641e-13
9.776323167550928698e-13
9.777491276129470800e-13
9.778282426116012452e-13
9.778789359067775014e-13
9.779136611667840889e-13
9.779245035039765657e-13
9.779064835421275835e-13
9.778585503800707169e-13
9.777955952324981099e-13
9.778657931425002089e-13
9.779964480784574614e-13
9.780979876504764844e-13
9.781686369636768534e-13
9.782074622036379870e-13
9.782318568151273551e-13
9.782340878051774421e-13
9.782055616839338112e-13
9.781377834592019529e-13
9.781073911215858120e-13
9.782463102255793498e-13
9.783619147949612912e-13
9.784474516797494481e-13
9.785059850185419142e-13
9.785411998021619393e-13
9.785537816488695482e-13
9.785411502157992707e-13
9.784984847543933292e-13
9.784193382104376869e-13
9.784846588517012810e-13
9.786240173455773967e-13
9.787286921497822131e-13
9.788028276446497422e-13
9.788498780365650268e-13
9.788753463891180311e-13
9.788789184709050477e-13
9.788553703381973619e-13
9.787947924296061346e-13
9.787400120698335021e-13
9.788880740595341971e-13
9.790154164618447334e-13
9.791069534125902753e-13
9.791733054908445391e-13
9.792158974446446093e-13
9.792383979730725284e-13
9.792294923635523661e-13
9.791954663393841716e-13
9.791250311786674342e-13
9.791758435679743198e-13
9.793305480834267038e-13
9.794474765612397806e-13
9.795344738404952605e-13
9.795902496534658617e-13
9.796313403105409121e-13
9.796460779578313914e-13
9.796302185401942629e-13
9.795845625871029269e-13
9.795325848668864499e-13
9.796813380568107794e-13
9.798225153964003754e-13
9.799310634427179665e-13
9.800085796777000700e-13
9.800610823415962709e-13
9.800976052077417911e-13
9.801081911043315927e-13
9.800803284048916738e-13
9.800238299595149293e-13
9.800724284173016888e-13
9.802337086760699197e-13
9.803662563785365684e-13
9.804686300432573640e-13
9.805420763866063005e-13
9.805849840613359769e-13
9.806156755100285830e-13
9.806191412442459904e-13
9.805794183592267477e-13
9.805362558496262465e-13
9.806818803919815582e-13
9.808345632895394320e-13
9.809508601268411061e-13
9.810432134113537773e-13
9.811128658062939029e-13
9.811476619173659432e-13
9.811679443784124768e-13
9.811585121685220928e-13
9.811102986110961173e-13
9.811405085345998345e-13
9.813179156577162567e-13
9.814639012053174347e-13
9.815646611593609318e-13
9.816501755839205093e-13
9.817126752000292697e-13
9.817439202681729403e-13
9.817523946951070638e-13
9.817338850628186718e-13
9.817077039716497009e-13
9.818168305596898486e-13
9.819840400861918278e-13
9.821158249832969219e-13
9.822040624302441151e-13
9.822792736051857927e-13
9.823322607107453363e-13
9.823574806046200208e-13
9.823461249573017832e-13
9.823131244328896050e-13
9.823318564298582435e-13
9.825003772688703077e-13
9.826521855919636340e-13
9.827691318138933908e-13
9.828567077302508450e-13
9.829233085380196480e-13
9.829647888957356345e-13
9.829783156228527382e-13
9.829653682700419329e-13
9.829385688783895300e-13
9.830387699739034982e-13
9.832108364704613300e-13
9.833467405244491707e-13
9.834505475942186263e-13
9.835317328721390873e-13
9.835928005314171490e-13
9.836252134395840607e-13
9.836237619644602839e-13
9.836022780275937997e-13
9.836092145658741247e-13
9.837754358643711706e-13
9.839348855182037148e-13
9.840630648532905737e-13
9.841612340172079582e-13
9.842280477962779821e-13
9.842788613907056349e-13
9.843051214453790147e-13
9.842979949529379166e-13
9.842587387546827061e-13
9.843553661975769127e-13
9.845363812694798353e-13
9.846824213857651630e-13
9.847946685052847513e-13
9.848861479060517085e-13
9.849503362784060515e-13
9.849851895450674213e-13
9.849994016312086502e-13
9.849763252834380095e-13
9.849696557740876082e-13
9.851375317496610838e-13
9.853042873525337535e-13
9.854345754193145214e-13
9.855359246384278931e-13
9.856129436064148558e-13
9.856680700792569043e-13
9.856934711420066010e-13
9.856880636198857281e-13
9.856469990323366449e-13
9.857253398861814191e-13
9.859157601379151606e-13
9.860642672344265766e-13
9.861817142726651410e-13
9.862747600973995057e-13
9.863413854852822757e-13
9.863850654447423595e-13
9.863951274869560038e-13
9.863821339852416272e-13
9.863495396903517128e-13
9.865288169107654858e-13
9.866998160922155013e-13
9.868346144526121240e-13
9.869424236952964810e-13
9.870304123309370072e-13
9.870912965277386625e-13
9.871216996940824272e-13
9.871215283630534442e-13
9.870900514570334289e-13
9.871547789775460585e-13
9.873513968253721188e-13
9.875094174179376720e-13
9.876331751852599001e-13
9.877320518326740262e-13
9.878090581298300098e-13
9.878610819533079040e-13
9.878849069067691199e-13
9.878756500480190264e-13
9.878449836458898774e-13
9.880019432805799925e-13
9.881778894678365535e-13
9.883208400511082645e-13
9.884333993577057691e-13
9.885193783178341145e-13
9.885802010066260249e-13
9.886142486584267382e-13
9.886174474567060037e-13
9.885851819861133751e-13
9.886113075524478882e-13
9.887936523711531683e-13
9.889456508414927504e-13
9.890640387639418073e-13
9.891532422904096535e-13
9.892167217790061801e-13
9.892548838901085251e-13
9.892643838840377859e-13
9.892407786884787032e-13
9.891967475482479812e-13
9.892949945269788406e-13
9.894575579265223444e-13
9.895837084255123032e-13
9.896778402935044868e-13
9.897443694665852711e-13
9.897853229356448600e-13
9.897997687737147501e-13
9.897842648558441968e-13
9.897348951390118044e-13
9.897135389022529452e-13
9.898705123268732736e-13
9.900129589498706969e-13
9.901220953836302359e-13
9.902024055350620381e-13
9.902573902728816446e-13
9.902878300101111657e-13
9.902916335845673793e-13
9.902645981333818194e-13
9.902183139439704118e-13
9.902860541534767692e-13
9.904490702342830694e-13
9.905784461162066031e-13
9.906778462933949371e-13
9.907518523270071435e-13
9.908032068191564151e-13
9.908332827038795902e-13
9.908382678520357259e-13
9.908138409521862744e-13
9.908166624244098130e-13
9.909862095920310427e-13
9.911577504973000382e-13
9.912977707890189419e-13
9.914117621257370437e-13
9.915039717219672818e-13
9.915758254971853433e-13
9.916250772660841797e-13
9.916467785478677936e-13
9.916416573514769654e-13
9.917520081599703710e-13
9.919683186517400933e-13
9.921518824853900481e-13
9.923066698621834460e-13
9.924379883730043278e-13
9.925491135747656443e-13
9.926394739508894130e-13
9.927045696186218491e-13
9.927374024690595917e-13
9.927825356669204938e-13
9.929867951405608470e-13
9.932022710584249572e-13
9.933505599095485304e-13
9.934689225162421746e-13
9.935637205725454464e-13
9.936376403349057256e-13
9.936883398413389943e-13
9.937094586328414825e-13
9.936968683970361221e-13
9.937754497930790644e-13
9.939705375550470541e-13
9.941342293168921814e-13
9.942684697791363631e-13
9.943835143341068633e-13
9.944829570880766466e-13
9.945674895300666549e-13
9.946312452789860946e-13
9.946668451753536039e-13
9.946778410679041493e-13
9.948285734019976215e-13
9.949772358462620764e-13
9.950957668280759893e-13
9.951650896294689303e-13
9.952165085832718100e-13
9.952424690850973280e-13
9.952530850030648383e-13
9.952155112980303433e-13
9.951446248227521005e-13
9.951619198051638572e-13
9.953016342649967362e-13
9.954035439236740068e-13
9.954698487940255084e-13
9.955148805151183415e-13
9.955460161011369100e-13
9.955636618497566169e-13
9.955852213702253198e-13
9.955630217966723760e-13
9.955194703664351952e-13
9.956176431691804770e-13
9.957471937150458320e-13
9.958276520124565831e-13
9.958757197042644594e-13
9.959240144347384510e-13
9.959442513010877789e-13
9.959316744680575720e-13
9.958947054033941746e-13
9.958062192943706843e-13
9.957712160405182085e-13
9.958472425618496294e-13
9.958931110536521714e-13
9.958964498989359349e-13
9.958494289020382563e-13
9.957786938180593112e-13
9.956855252768116834e-13
9.955626603975526268e-13
9.953975011933616661e-13
9.952286861395009892e-13
9.951762041953365088e-13
9.951657499103987901e-13
9.950876747104086564e-13
9.949855217148506078e-13
9.948567829003867027e-13
9.947156081190603500e-13
9.945669433364257736e-13
9.943845677224878569e-13
9.941698961397206830e-13
9.940259993700733570e-13
9.939888926247367515e-13
9.939178634083580577e-13
9.938315468567874877e-13
9.937127332375879613e-13
9.935863459922726964e-13
9.934605191134174262e-13
9.933210813145680206e-13
9.931517428218494940e-13
9.929829651030119468e-13
9.929431609715725963e-13
9.929201786573510823e-13
9.928528865108167976e-13
9.927756614143757885e-13
9.926902948444882400e-13
9.926148903506133706e-13
9.925014408727817761e-13
9.923865993185524469e-13
9.922511299443903032e-13
9.921551658241595060e-13
9.921705828757543614e-13
9.921670756432509953e-13
9.921341561216584754e-13
9.920856150484081196e-13
9.920314378364229849e-13
9.919570487350843935e-13
9.918808105014269044e-13
9.917615112244974632e-13
9.916587820095201672e-13
9.916225667570468890e-13
9.916651161812376250e-13
9.916772199347008376e-13
