1.287062260974821747e-05,-1.600194729725231332e-05
1.286152073383357545e-05,-1.099245873204305470e-05
1.285653184355449070e-05,-6.047485159548669157e-06
1.276245917125200798e-05,-7.505266598879365802e-07
1.315908628070621470e-05,7.330654093556834362e-07
1.302660381680563104e-05,3.513776138529394085e-06
1.259638844893456939e-05,4.661252981726246221e-06
1.287722111989680904e-05,9.543719221058570578e-06
1.287960680765032238e-05,1.463233469913465733e-05
1.288958769532178967e-05,1.973016732351964936e-05
1.734556391296628413e-05,-1.610106085251928939e-05
1.734776245506049173e-05,-1.115218351102666262e-05
1.735491502119716536e-05,-6.241954025865195982e-06
1.736313269922282553e-05,-7.434146081036969473e-07
1.713696543614528391e-05,1.187468864851109704e-06
1.714404750700979779e-05,3.369327358230483601e-06
1.748942505716765360e-05,4.511195812863922524e-06
1.736660952499403140e-05,9.738148874762243292e-06
1.736331750992679395e-05,1.477966918903331557e-05
1.730161424257248105e-05,1.981203782418386819e-05
2.177539299950762561e-05,-1.609090461590774221e-05
2.183247277263643905e-05,-1.114995177391192948e-05
2.185347614847296069e-05,-6.246776446277367247e-06
2.190577722363884627e-05,-7.516498252020490533e-07
2.130535738868468657e-05,1.518145035543660806e-06
2.184262895226224212e-05,3.752147525305581496e-06
2.245824442517794730e-05,4.659815678842814046e-06
2.185618956288393658e-05,9.742622951049859366e-06
2.183630236828097243e-05,1.477493422169065302e-05
2.171788503199877346e-05,1.980248046844339677e-05
2.625397449605566228e-05,-1.606930256834391277e-05
2.632033285816070395e-05,-1.112930488274806226e-05
2.635238139122576841e-05,-6.230460830283772449e-06
2.640064727380017591e-05,-7.398372529045075443e-07
2.583038761854830034e-05,1.534234452531668708e-06
2.661547411417381569e-05,4.357826459117622773e-06
-2.687640607852706805e-05,5.272271184395144239e-06
2.634899744184040151e-05,9.715628727951137016e-06
2.631921620098310777e-05,1.474871786713882917e-05
2.618166654415253301e-05,1.976048008412002808e-05
-2.328313535815381742e-05,-1.603791603255625494e-05
-2.318339054154523439e-05,-1.110364676948766102e-05
-2.314430846070946319e-05,-6.208948159316060882e-06
-2.311462678226144403e-05,-7.461941552865154832e-07
-2.351664719127681381e-05,1.427352175731568309e-06
-2.294284254778970346e-05,4.413425232724660413e-06
-2.257665751747263012e-05,5.405534621679499437e-06
-2.315332372075161083e-05,9.686227952036463362e-06
-2.318167657552823151e-05,1.471987102223956506e-05
-2.333780987875708909e-05,1.972346558439470784e-05
-1.882976053327095863e-05,-1.605491535804471511e-05
-1.868948924020816035e-05,-1.112625705668924994e-05
-1.865269511280699560e-05,-6.233154726005445764e-06
-1.867370166614235611e-05,-7.487401579573669364e-07
-1.871592387406906773e-05,1.342737972501286771e-06
-1.851931875223569298e-05,3.872905536221917102e-06
-1.855431114044792513e-05,4.987255220119560676e-06
-1.864708931241116158e-05,9.714670168622636684e-06
-1.868955457032280671e-05,1.474027956993117639e-05
-1.885916446288122750e-05,1.973570980758338324e-05
-1.420894163398382470e-05,-1.608571262049983714e-05
-1.409434865904870048e-05,-1.115938849703619322e-05
-1.405840755714278703e-05,-6.266592822890641452e-06
-1.410883478545999373e-05,-7.489828662950350695e-07
-1.377966969257545230e-05,1.449047542677348424e-06
-1.393113209870856814e-05,3.640488494074107865e-06
-1.429596326880985684e-05,4.705714797140089825e-06
-1.404501578892671533e-05,9.754176770671564930e-06
-1.407794369593520075e-05,1.477188711019671579e-05
-1.421087086857782762e-05,1.976034049316926065e-05
-9.574157951241961945e-06,-1.608171447590285306e-05
-9.491005056510790490e-06,-1.115776566548984380e-05
-9.464638659055771752e-06,-6.265518259688394518e-06
-9.539455132436719362e-06,-7.509412741471793750e-07
-9.005908834179081506e-06,1.504588970970685753e-06
-9.375759141201949590e-06,3.677074232443284988e-06
-9.881837526191168509e-06,4.680862376063930914e-06
-9.442573007229215629e-06,9.755600593343117125e-06
-9.467345379868896080e-06,1.477188499860878627e-05
-9.560997792800292883e-06,1.976117383620108579e-05
-4.946226928067938423e-06,-1.608050629060921085e-05
-4.877314845424766948e-06,-1.115543686336913479e-05
-4.862388706263000055e-06,-6.262450649962130950e-06
-4.899589697163085038e-06,-7.511223697891043998e-07
-4.305373100668885548e-06,1.500687035592574897e-06
-4.894804534928948503e-06,3.713757526769777827e-06
-5.431817321896355537e-06,4.700099136199542694e-06
-4.829977060801429254e-06,9.753574888580560250e-06
-4.845928485110658442e-06,1.477158038094321495e-05
-4.898269414800424515e-06,1.976427500670006594e-05
-3.359758408328047713e-07,-1.608248862884239079e-05
-3.039942268711542633e-07,-1.115342663468790983e-05
-2.987349137619540563e-07,-6.257538144752770144e-06
-3.109338203349880632e-07,-7.510247702722039401e-07
2.431184484374893450e-07,1.454628587524264325e-06
-4.190461522908965792e-07,3.734153458284235577e-06
-9.370141771387147300e-07,4.736809522425439803e-06
-2.627935681543652548e-07,9.749454761384327759e-06
-2.688356857307008945e-07,1.477086223398777680e-05
-2.783669102795987846e-07,1.976746506711161741e-05
4.232913964224503538e-06,-1.607823264287634547e-05
4.227808950626864580e-06,-1.114566635849397692e-05
4.224938058015541971e-06,-6.246589054352300421e-06
4.186023202728872189e-06,-7.494839115570066007e-07
4.673054329261861102e-06,1.376319582764653220e-06
4.163504660324758781e-06,3.799817723925435634e-06
3.687382701473972405e-06,4.812206415722559273e-06
4.255956276341575134e-06,9.736583354410786894e-06
4.263147639696885783e-06,1.476705855174798994e-05
4.255853155354428012e-06,1.977056491951041060e-05
8.775487490289651625e-06,-1.598084500181783194e-05
8.747951124570195561e-06,-1.098653263460513069e-05
8.750421202685789790e-06,-6.048618917233094894e-06
8.665690963442582585e-06,-7.491806505105165688e-07
8.973107078427229185e-06,7.339421124732673288e-07
8.930609601881285355e-06,3.382787020524590759e-06
8.551344634345218120e-06,4.581381453525308065e-06
8.767538244749203759e-06,9.545582147225809946e-06
8.782118323701282114e-06,1.462668682913220199e-05
8.817466527338491396e-06,1.970534119636322125e-05
