4.991980636631871970e-01,0.000000000000000000e+00
4.992373366697904769e-01,0.000000000000000000e+00
4.992766096763937012e-01,0.000000000000000000e+00
4.993158826829969255e-01,0.000000000000000000e+00
4.993551556896000942e-01,0.000000000000000000e+00
4.993944286962033741e-01,0.000000000000000000e+00
4.964096801943572168e-01,0.000000000000000000e+00
4.964489532009604411e-01,0.000000000000000000e+00
4.964882262075636099e-01,0.000000000000000000e+00
4.965274992141668342e-01,0.000000000000000000e+00
4.965667722207701140e-01,0.000000000000000000e+00
4.996300667358227199e-01,0.000000000000000000e+00
3.800586120681317084e+02,-2.813493180117256429e+02
3.790857651110592883e+02,-2.805018199255051172e+02
3.780819779270722734e+02,-2.796625180998610745e+02
3.769007500642891841e+02,-2.783933054375106622e+02
3.761056932025960009e+02,-2.779755033511308966e+02
3.738792737269781128e+02,-2.776683582257888929e+02
3.728890624227059334e+02,-2.768355913540534061e+02
3.719240078942063406e+02,-2.760099325215643944e+02
3.709242470645686467e+02,-2.751969058453047410e+02
3.699357165326267705e+02,-2.743660223455846676e+02
3.689628402391456348e+02,-2.735516691772541549e+02
3.679690631107862373e+02,-2.727427836446872220e+02
3.670193131152909700e+02,-2.719256178731946534e+02
3.660408508231048472e+02,-2.711233301089476981e+02
3.650728022534171942e+02,-2.703208722907309607e+02
2.583805660092946823e+02,-3.289156387538999979e+02
3.639791620089504818e+02,-2.686849454516237188e+02
3.614809284439289172e+02,-2.683113859707849542e+02
3.605317817512361671e+02,-2.675234467428253993e+02
3.595861065723743764e+02,-2.667260669997713194e+02
3.586411267716960083e+02,-2.659274758385415680e+02
3.579495744998201303e+02,-2.649293472248322701e+02
3.567405772427604802e+02,-2.643574342026375916e+02
3.558042492755744206e+02,-2.635832891721702254e+02
3.548783817561717910e+02,-2.627884941676897483e+02
3.539531947308128679e+02,-2.620220460114843490e+02
3.530159178770844051e+02,-2.612332575214241501e+02
3.521039213435818738e+02,-2.604617425968539806e+02
3.552914358589559924e+02,-2.585458826514131943e+02
3.502899850830199853e+02,-2.589113991250562776e+02
3.493864753685985534e+02,-2.581538169482482203e+02
3.484742360432338728e+02,-2.573925367102646078e+02
3.475886847129189618e+02,-2.566238597171960123e+02
3.466730564666846135e+02,-2.558655258719163612e+02
3.457913213873830500e+02,-2.551050370343675411e+02
3.448767766937343708e+02,-2.543498163500875933e+02
3.439880241874645890e+02,-2.535906801577689293e+02
3.430981870274932817e+02,-2.528403535236255379e+02
3.422012524078957085e+02,-2.520645949645586654e+02
3.413531924842235981e+02,-2.513533912569537563e+02
3.404608852257597960e+02,-2.505996779984550642e+02
3.395803979360554763e+02,-2.498621958003853933e+02
3.387170733602990254e+02,-2.491262098270414924e+02
3.368741076472470013e+02,-2.489374411759527277e+02
3.357219376413226541e+02,-2.481884041502509888e+02
3.348562101249570446e+02,-2.474588837886398665e+02
3.339799386411392561e+02,-2.467520497044350236e+02
3.330905221499657500e+02,-2.460238431724246766e+02
3.322358147573035581e+02,-2.453061476945639185e+02
2.776882882313873893e+02,-2.731852321269207664e+02
3.247998101419609043e+02,-2.435089589475043681e+02
5.229049281589784641e+02,-3.195967910849690270e+02
3.243354390694769904e+02,-2.426296005343858440e+02
3.234204881519779633e+02,-2.419243258816738376e+02
3.225109228396759704e+02,-2.412115119647079666e+02
3.215751276257680047e+02,-2.405053223488036167e+02
3.209167187541209501e+02,-2.395852934878499525e+02
3.197536052918816267e+02,-2.390958043632553824e+02
1.720435699218213017e+02,-3.228211796723317661e+02
3.169019093956513871e+02,-2.383085749556160806e+02
3.160006815871729486e+02,-2.376097286908558885e+02
3.150918564775093387e+02,-2.369242513577798377e+02
3.141866551581391036e+02,-2.362260999602235358e+02
3.132827443442789672e+02,-2.355517303901975197e+02
3.123654863227614555e+02,-2.348698200501637814e+02
3.114934023988156468e+02,-2.341893729525649235e+02
3.105671741957320364e+02,-2.334800374155235829e+02
3.096879740983509919e+02,-2.328489647039123440e+02
3.087829296255204099e+02,-2.321733190912358111e+02
3.078927169568283944e+02,-2.315122209249970808e+02
3.085568369547920042e+02,-2.303703202992786885e+02
3.061336488341748918e+02,-2.301561399678297732e+02
3.052640029150845749e+02,-2.294752475474580535e+02
3.043660587566154732e+02,-2.288432021116142323e+02
3.034829718024530507e+02,-2.281848762010025666e+02
3.026204848018984421e+02,-2.275218748109336673e+02
3.054028831085123556e+02,-2.287661744080378980e+02
3.016747130421631482e+02,-2.254058240167981353e+02
3.000123444304508098e+02,-2.255866654239152354e+02
2.991446364835620102e+02,-2.249362767526462221e+02
2.982823121826483543e+02,-2.242938248571333304e+02
2.974428563980535500e+02,-2.236223082631859427e+02
2.965773215021093279e+02,-2.229868687826365203e+02
2.964114913978084473e+02,-2.215889665212641546e+02
2.948614423304063621e+02,-2.217195239479103748e+02
2.942703159171711604e+02,-2.210868396231807083e+02
2.931391841749086211e+02,-2.204482620719329020e+02
2.923078736076180348e+02,-2.198131715435998501e+02
2.914468482917804977e+02,-2.191740804344808282e+02
2.905948518514383068e+02,-2.185524902048629201e+02
2.895643769719406464e+02,-2.174940738696344056e+02
2.888998251211431239e+02,-2.172968180818431563e+02
2.889104963855485835e+02,-2.158530396946115957e+02
2.872738005733147588e+02,-2.160362862603229530e+02
2.864460573458209183e+02,-2.154149812681836238e+02
2.855874634561680523e+02,-2.148053436795746052e+02
2.848816424528170614e+02,-2.141836403624931222e+02
2.839347914223910720e+02,-2.135900198153565270e+02
2.831055907101290927e+02,-2.129723009935898688e+02
2.822603130950552099e+02,-2.123781439665625328e+02
2.814391691046499773e+02,-2.117687944591696976e+02
2.806136292356438844e+02,-2.111683306418305222e+02
2.797813377999725049e+02,-2.105537350166485453e+02
2.789755340092420397e+02,-2.099651741027885805e+02
2.781455052192329163e+02,-2.093575631797639574e+02
2.773548503332816040e+02,-2.087598348675246598e+02
2.765515225942294819e+02,-2.081717426126058967e+02
2.757254459883347408e+02,-2.075783279645603159e+02
2.750352119721958957e+02,-2.069760148296672355e+02
2.741229644106098249e+02,-2.063993694578199438e+02
2.732949870612733321e+02,-2.058222554430744538e+02
2.724684455669310523e+02,-2.052441437038434344e+02
2.716656348768315752e+02,-2.046523972137175633e+02
2.708579112932513340e+02,-2.040884847655640613e+02
2.700528986290408966e+02,-2.034976971760417825e+02
2.692633317900554744e+02,-2.029222513794749148e+02
2.684479572830076677e+02,-2.023517832729652071e+02
2.676605318302588898e+02,-2.017575784604804028e+02
2.668480664065322685e+02,-2.012045455151786371e+02
2.660496928179534848e+02,-2.006526490761814046e+02
4.462780636631753506e-01,0.000000000000000000e+00
4.463173366697786304e-01,0.000000000000000000e+00
4.463566096763818547e-01,0.000000000000000000e+00
4.463958826829850790e-01,0.000000000000000000e+00
4.464351556895882478e-01,0.000000000000000000e+00
4.464744286961915276e-01,0.000000000000000000e+00
4.434896801943453704e-01,0.000000000000000000e+00
4.435289532009485947e-01,0.000000000000000000e+00
4.435682262075517635e-01,0.000000000000000000e+00
4.436074992141549878e-01,0.000000000000000000e+00
4.436467722207582676e-01,0.000000000000000000e+00
4.467100667358108734e-01,0.000000000000000000e+00
